Accuracy: 0.7508782032824647
Classification Report:
              precision    recall  f1-score   support

           0       0.91      0.60      0.73       881
           1       0.72      0.92      0.81      7355
           2       0.67      0.18      0.29        55
           3       0.77      0.50      0.60       901
           4       0.84      0.65      0.73      1695
           5       0.87      0.60      0.71       361
           6       0.73      0.69      0.71      3719
           7       0.91      0.69      0.78       527
           8       0.77      0.58      0.66      1651
           9       0.92      0.38      0.54       220

    accuracy                           0.75     17365
   macro avg       0.81      0.58      0.66     17365
weighted avg       0.76      0.75      0.74     17365
