Accuracy: 0.7519090854428477
Classification Report:
              precision    recall  f1-score   support

           0       0.81      0.58      0.68      1610
           1       0.77      0.71      0.74      2579
           2       0.86      0.64      0.74      1829
           3       0.83      0.43      0.57       496
           4       0.79      0.59      0.68       964
           6       0.89      0.54      0.67       365
           7       0.73      0.44      0.55      1090
           8       0.85      0.62      0.72       378
           9       0.72      0.94      0.81      7320

    accuracy                           0.75     16631
   macro avg       0.80      0.61      0.68     16631
weighted avg       0.76      0.75      0.74     16631
